--------------------------------------------------------------------------
--------------Ni2P_7.00GPa
--------------------------------------------------------------------------
Unit cell parameters
      5.80279      5.80279      3.34045      90.0000      90.0000      120.000
  0.000375920     0.000000   0.00110019     0.000000     0.000000     0.000000

Peaks:

 hkl      2theta      Iobs     FWHM

  1  1  0   6.607     104.8    0.0415
  1  0  1   6.891      35.9    0.0474
  2  0  0   7.631       0.0    0.0610
  1  1  1   8.755       0.0    0.0679
  2  0  1   9.553     102.7    0.0424
  2  1  0  10.100      20.9    0.0231
  3  0  0  11.457       9.5    0.0458
  0  0  2  11.491     130.5    0.0928
  2  1  1  11.624     151.2    0.0497
  2  2  0  13.237      77.9    0.0442
  1  1  2  13.266       0.0    0.0597
  3  1  0  13.780     148.3    0.0773
  2  0  2  13.808       0.0    0.0711
  2  2  1  14.437     108.8    0.2418
  3  1  1  14.937      66.4    0.0666
  4  0  0  15.296      10.0    0.0373
  2  1  2  15.321      60.3    0.0656
  3  0  2  16.254      11.0    0.1308
  4  0  1  16.349       1.0    0.0579
  3  2  0  16.678      20.5    0.1533
  4  1  0  17.540      22.2    0.0341
  2  2  2  17.562     239.6    0.1756
  3  2  1  17.650    2057.0    0.3591

--------------------------------------------------------------------------
--------------NiP2_13.00GPa
--------------------------------------------------------------------------
Unit cell parameters
      5.37081      5.37081      5.37081      90.0000      90.0000      90.0000
 9.99139e-005     0.000000     0.000000     0.000000     0.000000     0.000000

Peaks:

 hkl      2theta      Iobs     FWHM

  1  1  1   6.182     143.9    0.0526
  2  0  0   7.139     298.8    0.0471
  2  1  0   7.983     161.6    0.0592
  2  1  1   8.747    1240.8    0.0606
  2  2  0  10.103     229.6    0.0522
  2  2  1  10.718       7.4    0.1537
  3  1  1  11.853     268.5    0.0518
  2  2  2  12.382      81.0    0.0543
  0  2  3  12.890      20.2    0.0908
  1  2  3  13.378      30.3    0.0480
  3  2  1  13.378      26.2    0.0899
  4  1  0  14.749      37.6    0.1648
  3  2  2  14.749      51.2    0.0387
  4  1  1  15.179      16.9    0.1360
  3  3  1  15.598      13.2    0.1286
  4  2  0  16.006      14.5    0.0516
  0  2  4  16.006      25.7    0.1435
  4  2  1  16.404       8.1    0.1060
  3  3  2  16.793      53.0    0.3060
  4  2  2  17.545     102.9    0.0692

--------------------------------------------------------------------------
--------------Ne_3.00GPa
--------------------------------------------------------------------------
Unit cell parameters
      3.68032      3.68032      3.68032      90.0000      90.0000      90.0000
 8.13904e-005     0.000000     0.000000     0.000000     0.000000     0.000000

Peaks:

 hkl      2theta      Iobs     FWHM

  1  1  1   9.026     481.2    0.0419
  2  0  0  10.426    1159.5    0.0541
  2  2  0  14.766      73.3    0.0415
  3  1  1  17.332     392.7    0.2565

